7
6
5
15
2
3
3
9
5
6
9
36
8
4
2
2
16
16
4
3
4
6
7
5
4
2
9
3
10
4
2
3
4
2
5
10
11
4
3
3
4
3
7
9
17
3
2
4
2
3
29
5
44
43
3
45
4
10
13
2
6
2
31
2
3
8
13
5
6
4
8
3
4
11
25
9
8
2
9
5
2
17
3
8
6
5
2
4
2
17
2
15
29
24
5
7
7
7
31
27
9
73
6
5
2
17
3
5
4
2
3
2
5
10
14
9
2
2
11
2
4
2
3
20
4
7
21
16
18
3
2
2
60
17
9
5
9
52
2
15
4
6
3
17
3
2
5
3
2
48
39
3
8
4
20
4
33
13
3
4
4
22
2
3
3
6
42
3
14
9
4
7
2
2
4
22
5
49
3
4
22
5
44
2
15
17
11
4
7
7
9
4
2
4
3
4
2
2
11
14
5
5
4
2
3
6
5
2
6
134
7
12
16
74
4
5
3
6
9
7
3
3
3
3
11
6
270
2
4
3
2
13
9
9
5
3
131
6
2
7
2
7
2
3
2
3
3
3
9
10
3
9
5
42
1044
2
3
4
3
7
412
10
4
110
3
3
3
7
13
3
8
4
4
5
8
3
3
2
6
2
3
7
2
3
8
100
18
2
12
4
11
4
3
2
15
24
17
2
4
2
5
7
7
2
3
5
2
7
6
5
17
4
19
2
2
2
11
5
3
6
3
4
268
7
4
7
3
5
2
11
9
7
5
11
9
2
2
44
109
4
4
43
157
2
4
102
3
4
2
34
11
7
3
8
6
7
2
5
3
17
20
33
2
2
32
10
5
30
26
7
2
2
2
3
6
4
8
4
2
6
14
6
4
3
2
18
8
11
2
4
3
11
142
3
2
4
6
5
2
110
3
3
2
21
7
4
2
3
10
3
27
37
17
5
112
20
4
21
8
3
3
9
3
8
1188
83
49
29
4
8
3
11
3
74
10
5
5
105
5
8
2
4
3
9
3
2
6
3
2
14
4
6
16
3
8
2
45
2
5
4
2
5
7
3
4
11
3
2
2
8
3
7
3
3
4
10
23
2
13
4
6
5
2
78
4
3
6
3
15
7
17
56
46
13
3
29
2
4
6
6
72
2
4
7
5
11
12
4
73
12
57
3
6
4
2
3
5
4
3
3
9
4
3
4
4
4
2
2
2
3
2
6
17
2
2
6
2
3
2
2
2
4
2
2
3
2
2
3
3
5
10
5
8
3
2
4
2
6
46
23
3
35
24
6
12
5
4
14
2
2
8
4
9
2
60
3
4
5
3
3
3
5
4
2
34
22
23
2
31
13
5
10
2
12
42
3
10
57
3
36
4
35
4
15
33
51
10
18
29
37
31
2
7
92
20
12
38
2
7
43
10
19
4
184
27
12
84
70
38
3
11
4
4
6
3
7
4
9
5
2
3
8
5
25
2
23
6
372
27
213
3
5
3
5
6
4
16
4
7
2
4
4
2
5
12
10
3
4
2
2
2
7
9
5
6
7
6
5
3
8
10
5
5
4
15
7
3
2
8
5
2
6
3
9
16
8
7
3
4
18
67
79
3
22
9
9
15
7
60
6
3
2
4
2
4
2
13
25
3
17
59
2
11
3
2
49
17
109
45
4
2
2
3
5
16
6
7
2
5
3
27
5
55
2
11
2
23
7
18
7
4
8
3
4
8
4
10
3
2
4
5
2
3
2
4
13
5
5
22
4
15
43
103
3
113
5
2
9
4
31
12
2
4
4
24
88
2
13
4
3
34
33
2
23
18
3
4
3
6
2
24
28
4
14
24
3
31
5
6
2
4
5
2
4
85
21
13
4
8
4
6
10
5
51
3
2
60
33
9
3
162
39
28
4
29
3
9
6
2
163
11
4
7
5
5
4
7
15
13
14
9
5
2
5
2
3
5
3
10
3
31
2
7
4
9
3
2
2
4
3
2
2
7
10
5
5
62
9
3
13
7
4
9
11
12
6
10
3
2
4
3
19
14
6
7
5
4
12
10
7
3
6
9
4
7
2
12
10
14
4
3
3
6
2
3
2
9
2
2
2
3
3
5
3
20
11
3
2
2
5
18
21
3
6
3
3
2
42
11
8
2
2
17
5
4
7
2
2
7
48
18
13
6
23
10
2
31
7
3
2
2
6
33
3
15
7
6
11
2
9
15
3
2
3
5
115
4
36
25
2
15
7
11
14
2
10
44
2
40
7
5
2
4
5
2
2
5
7
14
2
2
2
3
9
2
3
6
4
3
8
8
3
5
7
2
213
29
24
8
10
3
5
3
4
29
6
6
7
2
2
18
5
2
15
10
16
29
12
3
5
15
17
15
3
4
10
2
4
3
4
3
4
3
14
4
5
4
6
4
3
2
6
6
10
8
23
13
3
5
6
2
2
4
2
2
40
4
2
2
3
5
5
41
205
25
9
98
10
5
26
3
93
2
18
674
25
3
10
46
42
6
2
7
2
4
24
34
19
36
9
3
59
54
62
74
10
8
6
7
3
4
3
11
5
2
2
5
22
2
3
6
16
12
2
5
3
2
2
4
2
3
2
13
10
4
3
2
14
3
5
13
5
4
9
6
11
20
3
7
3
2
37
2
3
3
8
3
7
3
5
4
2
6
2
6
6
5
2
53
28
20
11
3
35
10
3
31
2
10
8
2
28
3
4
4
9
38
32
10
2
2
3
2
2
3
6
7
2
8
4
4
2
5
10
6
24
3
6
7
5
5
16
4
10
5
3
8
10
5
3
4
6
9
2
2
16
6
70
910
2
72
2
2
4
11
3
2
2
8
6
14
4
4
3
4
13
27
5
7
10
4
7
10
5
6
3
6
3
19
2
5
2
2
2
10
13
8
13
6
9
6
10
6
6
46
12
3
4
3
6
195
2
3
5
4
37
28
23
9
3
15
7
21
10
2
3
8
8
10
85
77
4
3
4
106
20
97
3
7
4
4
58
4
4
2
5
4
10
54
3
5
33
118
11
29
5
11
3
4
34
63
2
3
3
11
16
115
4
6
3
5
2
2
9
5
3
7
2
2
5
2
2
10
2
6
9
2
2
3
3
2
4
2
2
5
5
2
3
2
2
2
12
12
4
4
5
3
2
12
17
15
6
3
5
5
3
2
12
2
5
4
3
5
3
2
4
4
2
18
3
2
3
3
5
5
4
8
3
5
4
2
3
55
23
86
26
3
9
34
3
2
2
3
3
8
2
2
16
3
2
4
11
2
2
13
3
2
4
9
4
23
9
2
2
4
34
99
2
17
6
3
5
10
2
4
10
2
2
4
6
5
2
4
5
3
4
2
7
3
2
3
3
8
3
7
11
2
6
2
3
2
7
2
3
5
33
120
2
6
7
3
3
2
7
9
4
5
4
9
20
24
12
16
2
4
3
6
9
76
5
20
5
4
2
3
5
9
9
5
3
5
5
27
9
2
7
7
3
2
11
18
2
7
21
3
6
20
3
61
4
9
12
9
4
3
9
4
3
18
13
5
86
15
3
5
4
2
3
10
3
4
3
3
8
2
5
14
4
6
21
12
8
3
2
10
6
3
2
3
4
12
52
7
4
13
11
16
30
3
6
3
12
5
15
9
9
3
6
9
30
3
4
2
2
2
14
3
4
11
2
16
2
2
3
5
3
10
8
3
8
25
5
2
8
2
7
3
3
2
13
3
3
2
21
5
6
4
7
3
4
14
6
3
2
4
56
55
2
8
3
2
2
2
86
5
29
3
26
3
7
35
7
5
9
5
4
6
3
5
7
2
3
12
3
14
8
9
16
5
147
439
7
5
3
83
4
2
7
2
4
4
8
6
7
11
24
4
4
4
3
3
2
3
6
2
4
5
14
5
10
907
4
61
2
2
4
13
13
2
5
3
5
15
3
3
3
4
4
4
3
41
17
12
2
5
2
2
2
9
2
4
2
2
28
22
5
12
2
2
30
68
19
15
25
18
49
24
6
4
16
3
7
11
2
11
5
24
2
3
5
2
3
2
3
5
14
2
3
3
2
2
2
4
9
2
6
3
3
26
2
4
5
11
2
5
2
7
54
2
10
7
6
3
60
6
21
7
17
41
51
5
3
3
13
13
8
5
6
4
8
2
26
19
13
6
88
6
2
6
4
4
2
7
20
13
12
14
8
23
11
7
2
15
9
5
4
6
4
26
13
7
3
25
69
2
2
5
5
3
3
3
2
21
3
34
5
2
5
7
2
4
53
11
11
5
5
18
2
21
4
4
4
2
6
2
4
3
3
9
2
46
7
2
7
42
12
4
9
4
3
28
8
2
3
3
29
84
6
2
6
2
3
4
2
3
29
2
2
15
23
2
15
7
4
9
10
79
18
51
5
5
7
4
4
3
2
2
53
2
2
12
4
4
3
4
7
4
4
2
25
3
3
5
5
5
4
37
2
4
3
17
10
25
3
2
10
5
4
22
3
3
2
2
10
29
4
40
10
22
3
2
5
4
13
2
4
5
7
2
45
44
24
10
2
74
3
4
3
27
36
5
33
52
6
2
6
5
2
4
4
2
12
4
4
3
6
86
18
4
3
11
8
7
2
5
2
2
2
3
2
3
2
2
8
2
9
2
2
65
5
6
3
7
3
5
19
4
4
6
3
3
5
4
12
8
5
2
8
3
81
3
13
5
15
22
3
12
4
3
8
2
12
6
2
3
10
2
3
3
2
2
6
3
2
2
2
3
14
2
4
13
4
3
3
20
5
3
2
5
3
4
28
8
5
9
5
8
27
7
8
22
11
2
3
4
6
4
3
37
39
20
5
33
2
2
8
2
7
5
3
12
3
5
8
7
15
11
3
4
11
2
33
10
5
3
68
6
2
38
2
3
8
3
3
6
3
4
2
26
21
2
3
3
2
9
9
5
2
6
3
2
6
3
4
17
5
294
10
6
3
3
5
12
6
85
99
12
2
7
3
13
3
9
4
3
84
15
4
3
3
4
3
2
9
2
6
3
3
2
2
5
4
2
3
3
3
7
3
6
2
4
2
4
3
3
2
2
2
4
4
4
2
71
3
4
64
5
3
14
19
59
14
72
4
29
5
2
36
5
5
2
2
3
2
2
8
38
20
3
3
3
12
3
4
33
6
4
2
3
46
10
6
19
4
4
2
3
3
4
2
2
2
9
2
11
3
2
2
2
2
2
4
4
2
2
2
4
3
14
3
2
12
6
3
3
4
11
8
9
4
10
3
4
3
11
15
82
3
9
13
3
4
13
14
2
14
11
6
4
4
2
18
34
15
2
8
17
6
2
3
5
26
3
3
4
2
3
14
2
4
2
2
9
2
2
7
26
3
3
3
4
2
5
18
4
2
10
23
42
5
5
2
4
2
7
12
13
8
8
29
4
5
2
68
7
3
13
6
50
8
2
4
6
4
8
2
3
3
4
172
24
21
90
5
6
5
38
6
5
2
4
5
33
86
113
5
5
11
2
6
9
7
30
4
5
2
6
4
30
35
7
2
6
5
21
11
87
11
6
86
24
21
4
9
2
14
3
4
2
12
4
16
13
73
44
4
12
85
24
26
129
2
56
3
3
54
7
89
25
6
149
161
8
21
5
11
27
31
2
5
14
28
6
12
2
6
3
5
6
3
3
833
19
2
2
16
4
17
23
25
4
6
3
5
8
2
3
6
2
4
7
9
9
10
7
3
9
3
7
9
2
3
10
2
5
18
6
3
4
4
2
26
4
2
2
2
8
5
3
3
7
4
6
3
3
3
2
12
16
15
12
4
4
12
5
8
3
2
8
16
8
8
2
3
21
6
4
2
27
12
14
4
6
6
15
3
2
6
3
2
7
5
9
14
4
5
4
3
8
2
14
6
2
2
2
3
4
14
4
2
112
2
81
28
22
5
3
3
35
3
2
2
3
6
2
2
5
5
7
6
3
3
2
3
10
3
16
2
4
24
43
6
5
2
25
2
3
4
6
3
2
2
9
8
4
5
6
5
7
4
7
7
6
5
6
2
2
112
24
3
79
4
7
19
3
32
7
35
83
4
27
8
5
9
3
2
30
3
7
38
8
2
3
14
2
5
171
14
42
6
82
8
5
18
62
2
113
8
2
6
4
3
8
4
8
2
3
5
5
2
7
20
3
6
18
3
3
3
5
7
6
8
11
3
24
13
3
55
8
17
8
3
2
5
5
147
6
23
7
3
2
4
10
4
12
7
5
2
2
2
4
17
19
15
2
29
67
32
6
2
2
21
4
2
42
16
13
9
3
21
15
27
5
4
10
10
4
4
5
11
2
8
6
2
4
14
18
4
5
51
15
5
8
59
30
31
37
34
97
3
4
60
2
4
3
7
7
5
2
2
4
130
15
55
52
2
3
3
5
2
2
14
3
3
28
18
9
2
2
6
5
23
24
137
2
23
31
6
15
5
7
3
16
8
10
2
2
4
9
2
2
16
30
3
5
2
7
6
3
7
3
7
2
8
4
2
3
3
8
8
13
23
7
2
2
2
24
50
4
19
3
2
4
10
2
27
7
44
36
6
2
8
2
10
8
11
2
9
6
6
13
3
17
20
5
2
2
3
2
5
7
3
2
8
4
4
4
2
4
5
42
157
5
92
7
3
9
48
3
4
9
4
3
3
3
11
117
2
2
28
3
3
4
2
4
5
5
4
3
5
2
2
13
10
3
9
60
17
5
4
9
3
3
2
4
2
17
6
24
9
2
6
13
7
6
2
6
9
23
3
5
4
2
3
38
7
8
4
33
152
2
10
13
5
10
15
18
6
2
2
27
10
10
3
2
24
51
4
7
3
3
2
28
2
3
3
2
6
2
5
32
7
5
2
3
10
11
3
16
2
96
85
2
2
5
4
24
5
4
85
10
4
2
6
19
3
22
15
65
30
4
44
6
2
2
3
7
6
2
7
6
8
168
18
23
2
5
44
2
2
12
17
4
5
5
5
3
4
2
5
17
14
2
2
3
4
9
5
18
2
3
19
4
3
8
3
12
4
6
3
4
58
2
5
6
10
4
8
2
23
10
13
12
6
20
28
2
4
2
8
7
2
5
15
12
10
6
4
3
2
22
21
6
19
5
2
8
5
2
3
2
6
4
2
4
8
4
7
2
144
3
47
5
3
4
2
3
22
9
4
13
12
6
4
23
3
6
12
3
2
3
2
2
77
34
3
32
2
5
6
6
3
3
6
15
5
14
9
5
12
3
5
2
3
12
6
8
15
5
13
3
22
2
11
5
4
3
4
5
3
7
2
5
32
47
2
15
3
39
6
2
4
25
2
25
2
41
6
11
6
6
5
20
4
4
3
4
8
19
4
3
6
6
4
13
9
26
6
3
3
14
11
14
5
4
7
13
2
4
16
6
9
15
3
4
21
4
8
16
2
14
24
15
5
3
24
9
6
5
17
8
2
12
4
2
9
101
10
6
2
2
2
2
3
5
3
4
2
14
10
5
3
2
2
2
63
21
3
4
5
5
2
7
8
4
5
3
7
3
4
34
6
51
4
2
5
7
5
24
7
9
4
20
5
4
9
53
3
17
2
10
10
9
4
8
2
2
23
6
6
2
6
3
5
2
45
5
4
3
7
2
5
3
2
4
7
4
3
2
4
8
15
3
2
3
16
7
2
4
3
14
18
2
9
171
46
10
7
3
2
2
3
4
11
33
3
2
15
42
7
2
5
15
4
3
10
3
2
4
3
52
2
19
7
6
12
4
7
3
3
5
2
6
8
3
10
4
2
3
2
4
19
6
6
2
148
6
2
2
6
3
7
4
5
2
7
52
23
127
3
3
3
5
3
6
11
8
9
3
4
8
4
3
5
6
13
6
9
8
14
17
5
5
4
18
7
4
3
2
3
2
7
2
6
2
4
13
2
4
2
2
2
2
2
2
3
4
2
4
4
2
35
2
5
5
49
5
8
16
3
2
17
20
3
10
6
8
4
14
2
2
2
3
8
9
12
14
3
10
2
4
6
6
5
6
3
2
5
10
8
2
4
4
15
2
3
5
4
4
8
3
15
6
3
24
34
2
41
31
2
39
2
2
5
2
2
4
3
5
2
62
3
7
8
14
5
4
11
8
7
2
2
3
5
4
3
2
3
2
7
15
4
3
2
7
7
2
2
7
3
3
4
11
8
11
12
12
2
9
3
3
2
2
48
7
16
2
4
7
3
34
3
6
4
3
69
2
5
4
5
4
4
4
2
6
5
6
2
12
18
2
6
5
8
3
4
24
74
131
3
7
4
2
4
3
5
9
3
3
5
5
28
3
5
23
22
4
16
11
7
2
2
10
9
4
3
31
38
4
11
2
5
10
2
4
3
4
4
11
6
13
5
8
4
3
10
7
9
3
3
6
3
4
4
2
4
3
7
4
10
9
3
5
4
6
6
7
14
2
3
16
5
6
2
6
8
7
10
37
48
15
7
5
6
2
4
4
12
2
5
3
2
11
6
8
3
3
4
7
2
2
33
6
21
2
4
3
62
3
7
6
6
4
4
7
5
12
74
4
3
6
12
4
5
5
5
21
7
5
5
3
3
15
6
98
46
5
52
29
3
3
4
4
5
2
58
5
42
5
6
151
2
10
5
5
7
5
3
11
8
38
25
3
19
3
10
18
7
60
12
6
3
4
6
2
12
6
13
11
3
2
9
4
13
21
3
2
5
4
3
3
2
2
3
4
4
3
3
3
2
5
2
5
2
2
5
84
7
2
6
6
5
3
3
3
4
14
7
7
3
2
3
9
6
3
5
1761
10
3
5
73
6
11
2
220
5
9
3
28
4
12
3
3
41
2
5
8
6
2
30
39
4
6
2
3
2
4
5
3
20
2
4
20
17
3
2
3
2
20
4
6
2
4
12
2
26
2
3
2
2
17
2
6
2
3
11
73
8
6
3
2
6
10
4
3
3
3
11
72
5
4
5
6
18
27
16
9
30
3
13
65
4
4
43
2
2
4
35
9
12
38
28
4
3
4
21
7
10
7
2
17
4
2
2
4
5
2
9
14
11
8
5
10
2
6
5
3
2
4
6
5
13
8
3
6
7
7
10
44
22
13
17
18
3
14
3
45
6
4
3
3
20
2
2
3
5
6
4
3
2
4
3
4
4
3
2
6
6
10
3
4
13
125
2
2
4
3
6
7
3
2
3
12
5
11
25
6
4
11
6
26
2
3
6
3
9
4
24
8
11
62
2
4
34
2
12
4
5
121
3
19
2
26
25
4
22
26
2
18
5
14
49
2
6
4
16
7
7
4
3
3
15
2
3
31
2
2
4
6
3
11
19
5
4
8
9
5
4
19
2
2
8
8
3
80
20
76
3
6
14
2
11
10
4
6
2
8
5
4
4
23
17
12
2
17
127
5
44
6
47
21
9
2
9
6
4
3
14
6
4
8
4
15
5
10
3
6
7
2
12
7
8
2
4
2
5
3
3
15
5
12
3
5
3
26
2
26
2
2
5
3
3
4
3
6
10
12
15
87
19
2
3
2
2
2
2
9
6
8
14
21
42
106
4
4
6
14
32
5
124
4
2
6
6
9
3
11
2
2
4
7
33
15
3
35
106
5
2
5
3
10
16
17
7
5
2
3
2
7
5
19
14
6
25
2
2
3
12
10
5
4
18
13
3
4
3
4
6
4
5
6
17
6
2
4
2
2
3
3
8
2
5
7
3
6
5
9
3
6
2
3
8
3
3
54
52
4
4
6
5
2
3
9
7
5
16
4
5
4
3
2
2
3
5
2
3
4
4
4
8
3
18
5
3
4
2
36
4
3
2
5
5
6
4
8
367
13
2
13
9
11
4
4
7
3
6
4
16
9
2
3
2
17
2
3
7
3
2
10
12
15
4
15
4
18
2
10
24
3
2
7
3
7
6
6
4
2
15
14
5
3
2
5
2
5
37
25
5
4
2
2
11
3
1034
7
5
24
9
3
2
19
6
14
6
5
4
59
54
11
4
6
5
5
7
2
2
7
4
3
22
11
3
4
6
2
2
6
13
19
4
2
2
3
5
3
2
4
2
2
5
4
7
5
11
4
14
17
4
3
4
2
6
6
12
7
8
2
107
17
72
65
7
6
2
2
6
13
3
2
6
3
2
3
3
24
6
10
48
52
33
2
13
2
25
18
22
7
27
14
12
5
12
3
4
2
124
39
115
6
19
7
4
4
9
2
149
11
3
13
7
6
5
39
10
2
2
2
10
2
6
2
21
4
9
5
3
3
17
2
2
5
15
19
8
3
26
16
53
11
3
11
3
28
18
6
7
41
4
18
13
3
5
5
6
24
39
5
24
14
10
23
20
23
5
4
9
13
8
16
11
7
3
33
2
9
21
4
5
5
24
3
6
6
94
31
23
2
4
3
3
3
4
2
2
4
6
5
2
9
10
17
3
7
4
4
4
7
4
116
4
23
3
13
9
8
3
2
2
4
7
3
2
2
2
3
3
15
8
5
3
14
5
21
5
46
2
3
3
7
2
3
115
5
2
2
2
3
2
56
5
10
10
2
2
3
8
4
7
5
4
4
6
15
7
12
10
14
9
14
2
2
3
4
6
33
9
3
19
14
2
25
5
5
6
19
7
2
2
2
2
2
3
2
4
12
4
7
7
6
5
4
2
2
48
48
3
9
60
5
3
2
157
3
7
41
3
34
4
5
2
4
2
5
8
6
8
2
3
2
2
3
2
18
13
6
5
2
2
6
47
4
6
2
4
2
8
5
3
217
8
54
3
13
2
8
2
2
3
2
