infected_by


2002000001

1000000002
1000000003
1000000003


1000000003


1000000017
1000000013

1000000017
1000000003

1000000021
1000000015
1000000016



1000000022



1000000028



1000000031
1000000031


1000000031


1500000002




1000000033
1000000041






1000000054





1000000060
1000000054
1000000022
2017000005

1000000047
1000000068

1000000033










1000000020


































1000000111
1000000115


1000000040
1000000114
1000000111

1000000120




1000000120
1000000108
1000000120
1000000120
1000000100



1000000130





























1000000140









1000000124



1000000100









1000000127
1000000124

1000000116





























1000000164


1000000211
1000000212






1000000230
1000000230








1000000237







1000000246












1000000250




















1000000279



1000000279








1000000266
1000000266








1000000279


1000000216
1000000264






1000000305
1000000305
1000000304


1000000322




1000000214
1000000214
1000000306










1000000264
1000000333

1000000294


1000000306








1000000144






1000000353
1000000229
1000000353







1000000357







1000000305



1000000353
1000000391




1000000353











1000000302

1000000227









1000000396
1000000396





1000000401













1000000413





1000000443




1000000443













1000000438

1000000439
1000000439
1000000439






1000000443
1000000443









1000000302







1000000266











1000000483






1000000252

1000000288
1000000368



1000000509















1000000504



1000000216



1000000513



1000000441




1000000476
1000000528






1000000540

1000000368


























1000000575



1000000503


1000000586














1000000418



1000000504




1000000472

1000000502




























































































































































1000000772

1000000770
1000000770
1000000770




























































































1000000869



1000000864










1000000869
1000000869
1000000869










































1000000779













2000000889







1000000934


















1000000869

1000000878













































































































































































































































1000001198
































1600000055









1000001214
















































1000001290
1000001290
1000001290




















1100000013
1100000016
1100000013




1100000002


1100000028










1100000011


1100000029
1100000029
1100000015







1100000040

1100000036

1100000039

1100000059

1100000057




1100000059

1100000002
1100000001
1100000066
1100000054

1100000059






1100000076

1100000078
1100000015
1100000054

1100000054

1100000002

1100000048
6100000072

1100000071





1100000071
1100000097
1100000097
1100000100



















































1200000031









1200000031
1200000031
1200000031
1200000031
1200000031




































































































1200012411
1200012334


















1500000105

1300000001

1300000003

1300000003
1300000003
1300000003
1300000004
1300000011
1300000010
1300000011

1300000003
1300000003


1300000017
















1300000034
1300000034
1300000034

1300000036
1300000036
1300000036








































1400000035
1400000013































































1400000102





1400000102
1400000102
1400000102
1400000102
1400000102
1400000113
1400000102
1400000102
1400000102
1400000102
1400000102

1400000119
1400000119
1400000105
1400000113
1400000102
1400000125
1400000128
1400000119
1400000125
1400000125

1400000128
1400000119




1400000135
1400000135
1400000136


1400000142

1400000135







1400000149
1400000146


1400000109
1400000156






1400000155
1400000155




1400000152




1400000159
1400000159





1400000170
1400000159


1400000179

1400000188
1400000121



1400000187
1400000188
1400000188
1400000188
1400000127

1400000188
1400000197
1400000192
1400000127
1400000197
1400000159
1400000195
1400000205
1400000161

1400000209
1400000209
1400000209
1400000209
1400000209
1400000209
1400000209
1400000209
1400000209
1400000209
1400000209
1400000209
1400000209
1400000209
1400000209
1400000209
1400000209
1400000209
1400000209

1400000213
1400000222
1400000222
1400000229
1400000222
1400000181
1400000209
1400000228
1400000213
1400000213
1400000213





1400000131
1400000240
1400000240
1400000240
1400000210
1400000240
1400000245
1400000223
1400000223
1400000247
1400000245
1400000256
1400000245
1400000255

1400000259

1400000260

1400000247
1400000264
1400000264
1400000209

1400000248


1400000274
1400000264

1400000185
1400000162
1400000162
1400000264


1400000236
1400000281




1400000200
1400000287
1400000287
1400000287
1400000216
1400000216


1400000170

1400000191
1400000210
1400000299


1400000210
1400000204

1400000248



1400000227
1400000227
1400000223

1400000227

1400000247
1400000315
1400000315
1400000315


1400000321

1400000200


1400000302

1400000328


1400000301
1400000331
1400000331



1400000331







1500000002



1500000005
1500000005

1500000006
1500000006



1200000031

1500000011


1500000019
4100000114
4100000114

1500000023


1500000025

1500000027



5000000011
1500000030







1500000043
1500000042



1500000048
1500000047

1500000049
1500000047
1500000049
1500000049
1500000049
1500000049

1500000049
1500000049
1500000049






















1500000078
1500000075
1500000075
1500000083




1500000084



1500000086
1500000086

1500000092
1500000060

1500000086
1500000086

1500000100


1500000105
1500000105
1500000109
1500000108
1500000109
1500000092
1500000111
1500000105
1500000113
1500000113
1500000065
1500000110


1500000115
1500000115




1200000031
1600000005
6010000001




1600000008




1600000013


1600000019

1600000021
1600000021


1600000027

1600000027





1600000031
1600000031
1600000031





















1700000002
1700000002
1700000002
1700000002
1700000004
1700000004

1700000007

1700000009



1700000011
1700000015
















1700000021






1700000013







1500000057




2000000003
2000000002

2000000005
2000000010
2000000010

2000000001
2000000007
1200000031
2000000013
1200000031



1000000014

2000000015

2000000015


2000000016
2000000013
1200000031

2000000018
2000000018
2000000018















1000000023
2000000037
1200000031
2000000050






2000000052

2000000047
2000000037
2000000052



2000000046
2000000046

2000000037
2000000047


2000000049








2000000081







2000000062

2000000080
2000000069


2000000069
2000000069
2000000094
2000000094



2000000102
2000000093
1000000023

2000000104
2000000104
2000000104



2000000102
2000000111

2000000115
2000000115
2000000115



2000000111










2000000111



1000000023


2000000122
2000000114
2000000139
2000000139
2000000139
2000000139
2000000137
2000000114


2000000112


2000000040
2000000142


1000000125
1000000125
1000000125
1000000125
2000000152
2000000111
1000000125
1000000125
1000000125
1000000125
1000000125
1000000125
1000000125

1000000125

1000000125


1000000125
2000000172
2000000111

2000000167
2000000167
2000000167
2000000167


2000000125

1000000138

2000000167
2000000167
2000000167
2000000125
2000000167
2000000173
2000000173
1000000138
2000000167
1100000094

2000000167
2000000167
2000000167
2000000167
1000000138
2000000125
2000000125
1000000125
2000000125
2000000094
1000000138
1000000138

2000000114
2000000167

2000000205
2000000205
2000000205
2000000205
2000000205
2000000205
2000000205
2000000205
2000000205
2000000205
2000000205
2000000205
2000000205
2000000205

2000000167
2000000205
2000000205
2000000205
2000000205
2000000205
2000000205
2000000205
2000000205
2000000205
2000000205
2000000125


2000000205
2000000205
2000000205
2000000205
2000000205
2000000205
2000000205
2000000205
2000000205
2000000205
2000000205
2000000205
2000000205
2000000205
2000000205
2000000205
2000000114
2000000125
2000000114
2000000167
2000000227


1000000216
2000000205
2000000111
2000000238



2000000225





2000000167
2000000205
2000000104
2000000233
2000000205
2000000205
1000000264
2000000125
2000000125

2000000236
2000000250

2000000211


2000000290



2000000288

2000000125

2000000114




2000000245





2000000301

1000000272
2000000125

2000000114

2000000114
2000000223
1000000125


2000000139
2000000139
2000000139
2000000268
2000000327
1000000125
2000000309
2000000111
2000000327
2000000167

2000000325
2000000167

1000000125
2000000141

2000000150
2000000332
2000000332

2000000146
1000000138


2000000353
2000000339
2000000339

2000000205
2000000353

2000000205
2000000338
1000000151

2000000364
2000000360
2000000360
2000000360

2000000371
2000000332


2000000309
2000000309
2000000309

2000000309
2000000309
2000000309
2000000309
2000000309





2000000176
2000000309
2000000373







2000000364
2000000364
2000000297

2000000387

2000000387
2000000309
2000000167
2000000353
2000000167

2000000192
2000000357
2000000297
2000000387

2000000192
2000000309
2000000373

2000000309
2000000309
2000000404
2000000309

2000000404







2000000309
2000000297



2000000421
1000000269
2000000328



1000000386









2000000167

2000000167

2000000449



2000000297
2000000387



2000000461



2000000205
2000000205






2000000445

1000000434
1000000434

2000000277
2000000205




2000000476


2000000309

2000000205
2000000476







1000000447










2000000205
2000000498
2000000476
2000000309
1000000431



2000000508
2000000508



2000000508
2000000512




1400000068
1400000068
2000000506




2000000309


2000000309
2000000167

2000000508

2000000508
2000000508
2000000508

2000000508
2000000508


2000000476
2000000508
2000000309

2000000508
2000000431




2000000508


2000000508
1400000033

2000000476



2000000476

2000000476


2000000508

2000000476
2000000445

1400000072
2000000569

2000000476

2000000465


2000000584
2000000506
2000000508


2000000393



2000000492
2000000516



1000000573
2000000508



1000000513
1000000513

2000000476

2000000614
2000000614
2000000476

2000000421
2000000476
2000000516
2000000617

2000000617
1000000504






2000000629
2000000614
2000000476
2000000476

2000000476
2000000529

2000000477
2000000498
2000000638

2000000635



2000000650
2000000629
2000000520
1000000550

2000000586

2000000583
2000000629

2000000660
2000000660




















2000000682

2000000682



2000000686
2000000682
1000000648
2000000686

2000000682

2000000686


1000000667
2000000682

2000000695
1000000667

1000000669

1000000672









1000000709


















1400000132
1400000132
1400000132
1400000135
2000000724
2000000724

1000000679
2000000740
2000000735
2000000736
1400000132
1400000132


1000000684

2000000741
2000000741
2000000701
2000000726

2000000749
1000000761




1000000699

2000000741



2000000763




2000000763
2000000769



2000000763
1000000797











2000000763

2000000763
2000000784
2000000784
2000000784








2000000787

2000000787
2000000787
2000000788
2000000789
1400000142



2000000807

2000000790
2000000790

2000000764
1000000797
2000000806
2000000806
2000000806
2000000806
2000000801



2000000823
1400000142
1000000834






2000000823
2000000806
2000000835
2000000835



2000000835
2000000835
2000000835
2000000823


2000000854
2000000841
1000000857
2000000841

2000000849
2000000849
1400000205

1400000209
2000000841
1400000209

1400000221
2000000814
2000000814
2000000850
1400000212
1400000212
1400000212

2000000835
2000000835
2000000861
1400000212
1400000219

2000000848

2000000843
2000000806
1400000142
1000000803

2000000835
2000000874
1000000885
1000000885
1000000879
2000000880
1000000887

1400000142
2000000883


1000000885
2000000823








1000000869
1000000887
2000000832

2000000859
2000000908
2000000908
2000000908
2000000908
2000000908

2000000889
2000000850
2000000789
1000000887
1000000887
1400000142
2000000908
2000000908
2000000832
2000000832

2000000908
2000000908

2000000908

2000000835


1000000963
1000000963
2000000806
2000000829
2000000938


2000000835
2000000938

1000000991
1000000991
1000000991
1000000991
1000000991
1000000991
1000000985
1000000953
1000000923
1000000923
2000000835
1000000979
1000000923
1000000923
1000000923

1400000219

1000000939


1000000985



1000000979






2000000956

2000000959
2000000832

2000000806
1000000979
2000000782
2000000968
2000000968

1400000248

2000000974
1000001047


2000000984
2000000959
1000000963
2000000952
2000000974
1000000979




2000000974
1000000979

2000000997
2000000997

1000000895
2000000930


2000001005
2000001005
2000000975
1400000209
2000000850

2000001010

2000001003

1000000979

1400000219
2000001007
1000000878
2000001008
2000001011


2000000974


2000000950
1000000979
1000000979

1400000248
1000000895

1000001074



2000001006
2000001048



2000000974
2000000974
1000001129


2000001048
1000001132
2000001050
2000001049
2000000891
2000000950
2000001059
2000000974
2000001049
2000001049
2000001060
2000001060
2000001060
2000001062



2000001049
1000001146

2000001076
1000001146
2000000974
1000000920

1000001146

2000001076


1500000051

2000001006
2000001076
2000001076

2000001068
2000001068
1000001164




1500000051

2000001076
2000001076
2000001095
2000001076
2000001076
2000001076
2000001076

2000001076
1500000049

2000001107
2000001107

1000001176






1000001223


1000001200
1000001221



2000001081


1400000331
2000001133





2000001143




2000001143
2000001143

2000001143

1000001194




2000001143







2000001153
2000001153
2000001153
2000001153
2000001153

2000001153


2000001153




2000001153


2000001143
2000001153
2000001153
2000001153
2000001153


2000001153




2000001153
2000001153




2000001142

















































































4000000012
4000000012
4000000012
4000000012
4000000012

4000000009


















4000000040
4000000040















4100000008
4100000008
4100000006
4100000008
4100000007
4100000006

4100000008
4100000008
4100000008
4100000008
4100000008
4100000013
4100000008
4100000008
4100000008
4100000049
4100000008
4100000006
4100000011
4100000008
4100000008
4100000008
4100000006
4100000008
4100000008
4100000008
4100000008
4100000006
4100000008
4100000008
4100000006
4100000006
4100000006
4100000006
4100000008

4100000008
4100000012
4100000006
4100000006
4100000006

4100000006
4100000006
4100000037
4100000037
4100000022
4100000006

4100000070
4100000008
4100000008
4100000008
4100000024
4100000029
4100000049
4100000006
4100000059
4100000059

4100000006
4100000077
4100000032
4100000071
4100000071
4100000077
4100000006
4100000052
4100000022
4100000022
4100000039
4100000006
4100000033
4100000022
4100000008
4100000049
4100000076
4100000074

4100000006
4100000006
4100000086
4100000059
4100000059
4100000086
4100000086

4100000083
4100000023
4100000051
4100000050

4100000094
4100000094
4100000059
4100000059

4100000099
4100000099
4100000003


4100000104


4100000107
4100000104
4100000104
4100000104
4100000104
4100000104
4100000104
4100000002
4100000118

4100000116


4100000122
4100000121


4100000122




4100000122
4100000122


4100000133
2000000508
4100000130




6100000115


1000000653






4100000148

4100000152

4100000154
1500000049
1500000057
1500000060
4100000158
1700000049
4100000159
2000001068
1500000093
4100000159

4100000165




5000000002

5000000004
















1500000050, 1500000055

1300000033

1500000074
1300000036
1300000001


1600000019
1300000013
















12702
12702

1200000031

































































































































































































































































































































































































































































































































































































































































6002000001
6002000001




6002000007
6002000007

6002000011
1200000031
1200000031
1200000031

6002000006

6002000011


6002000019



6002000019
6002000023

6002000026

6002000029
6002000029

6002000026
6002000031
6002000031
6002000031
6002000038
6002000038
6002000039
6002000019

6002000043

6002000026
6002000045
6002000045



6002000051

















































































6004000072


6004000072


6004000069



























6006000016



6007000001














































































6009000003
6009000008
6009000007
6019000015
6009000004
6009000004
6009000004
6009000003

6009000014






6010000001
6010000001
6010000001
6010000001




















6011000004
6011000003



































6011000040































6016000002

6016000007

6016000007

























6016000007
6016000007
6016000007
6016000007
6016000009
6016000009
6016000009
6016000007
6016000009
6016000012
6016000015
6016000012
6016000015
6016000011
6016000011
6016000009
6016000015
6016000009
6016000009
6016000019
6016000019
6016000019

6016000011
6016000028
6016000028
6016000009
6016000032
6016000009
6016000034
6016000032
6016000036
6016000026
6016000040

6016000024
6016000038















































































































































6023000006


6023000009

6023000002











6023000019
6023000019
6023000019






6023000031
6023000031
6023000031


6023000036

6023000014





6023000042
6023000006










6100000007


1200000031



6100000005








6100000015












6100000384
6100000384
6100000384
6100000005


6100000028
6100000049
6100000012

6100000005

6100000020

6100000047


6100000049
6100000036



6100000061
6100000003
6100000030
6100000035






6100000066
6100000069







6100000074

6100000068
6100000005
6100000076
6100000069
6100000066
6100000068






6002000035








6100000097
6100000098
6100000097


6100000100
6100000097






6100000108
6100000100

6100000103





























7000000009








