57
128
36
40
15
662
43
509
20
10
34
21
164
23
34
55
16
20
44
17
38
184
163
145
165
202
92
11
45
5
26
13
16
43
15
25
19
21
28
18
30
121
90
7
60
12
42
14
94
32
7
5
11
27
19
15
21
191
23
25
36
11
23
13
10
26
13
60
11
12
13
10
23
10
11
10
14
16
10
15
25
17
17
13
11
102
26
34
143
24
1500
24
29
132
15
7
324
340
244
150
211
78
113
181
80
9
100
30
374
23
80
18
42
49
11
29
83
17
27
13
77
44
260
142
157
118
130
103
50
55
78
46
34
45
31
53
58
39
25
79
42
18
15
141
26
147
176
23
20
37
36
118
79
43
33
18
39
15
14
19
38
11
59
72
65
61
26
109
16
2
16
43
10
22
25
68
10
67
84
40
11
37
145
25
43
89
224
5
94
11
52
21
7
6
11
8
6
54
17
5
27
5
7
11
9
5
8
11
8
23
8
15
40
5
368
14
24
137
13
12
12
26
10
57
9
12
239
109
74
74
16
300
47
40
220
1500
174
48
61
59
30
20
62
20
11
200
26
49
49
60
500
500
73
30
17
17
17
17
17
17
2500
17
45
1081
19
76
131
17
45
87
31
58
15
93
81
24
59
24
5
60
21
8
39
78
29
8
21
26
585
8
13
9
5
36
34
97
200
150
6
54
292
9
30
38
57
35
124
53
29
200
50
170
30
127
35
533
26
9
106
311
1280
38
173
59
47
36
24
17
2760
4000
95
17
11
21
60
120
80
59
100
103
18
43
27
9
13
14
7000
97
26
8
29
117
72
49
18
88
24
12
19
19
22
9
21
29
184
58
22
37
18
257
7
44
9
127
69
17
6
20
178
9
119
21
21
33
85
620
17
17
80
10
5
10
10
5
10
10
10
10
5
10
5
5
5
5
5
57
5
5
11
24
9
1000
65
118
49
5016
74
119
34
17
60
50
49
34
17
29
131
17
17
17
17
176
16
19
11
80
15
13
8
6
5
5
5
676
27
7
9
8
21
27
53
11
23
61
64
45
22
1300
1397
28
22
65
40
10
420
21
31
15
45
225
28
22
31
22
100
27
30
25
23
18
45
117
22
9
7
41
38
100
98
96
77
56
51
40
39
30
24
19
16
15
14
13
13
6
17
16
238
5
15
49
26
7
47
8
5
10
23
5
8
22
27
87
8
14
5
6
20
110
797
15
18
61
24
20
53
279
43
56
5
31
46
10
19
7
18
83
7
5
7
5
26
15
5
18
100
60
12
8
200
891
27
5
6
55
78
71
246
16
16
16
16
15
15
15
15
15
15
246
15
15
14
14
14
14
14
14
14
243
13
13
13
13
13
13
13
241
13
13
12
12
12
12
12
12
12
236
12
12
12
12
12
12
12
11
11
11
233
11
11
11
11
11
10
10
10
10
10
10
10
10
10
10
10
10
10
10
231
48
25
44
66
38
81
81
75
31
76
230
10
11
9
20
177
10
104
75
230
140
1087
358
100
30
104
48
11
18
37
13
21
116
26
128
30
61
200
229
92
51
40
25
13
41
213
57
73
95
10
10
10
10
10
10
10
10
10
10
10
10
11
11
11
11
11
11
11
12
12
12
12
13
13
13
13
13
13
13
13
13
13
13
13
14
14
14
14
15
15
15
15
15
16
16
16
16
17
17
18
18
18
18
18
19
19
20
20
21
21
21
22
22
22
22
23
23
23
23
23
23
23
23
23
24
24
26
26
26
26
26
26
26
27
27
28
28
29
29
29
30
30
30
31
32
33
34
34
34
34
35
37
37
38
38
39
39
39
40
41
43
45
46
48
49
50
51
51
54
55
58
61
63
66
67
67
75
79
93
100
113
116
125
12
128
192
10
11
12
15
16
21
21
22
25
29
43
50
51
78
92
97
10
10
10
10
10
10
10
10
10
10
10
10
10
11
11
11
11
11
11
11
11
11
11
12
12
12
12
12
12
12
12
12
13
13
13
14
14
14
14
15
15
16
16
17
17
17
17
18
18
18
19
19
19
19
19
19
20
20
20
21
21
22
22
23
24
24
26
26
27
27
31
36
39
41
41
47
57
59
64
65
71
87
88
90
90
95
101
192
686
117
85
50
13
632
2544
1867
1732
1539
1473
1468
1459
1397
1365
1311
1219
1190
1182
1173
1170
1122
1116
1101
1089
1068
1042
1020
1013
1012
1012
1010
1009
996
983
979
970
958
948
934
933
925
908
907
903
900
890
888
885
876
875
870
868
863
862
862
861
857
857
854
847
846
836
826
818
817
816
803
792
792
792
790
781
779
776
773
772
766
757
755
751
751
750
750
745
735
715
706
705
703
694
686
685
672
662
660
657
652
650
650
644
644
627
615
614
612
605
605
602
602
598
598
595
593
579
575
571
564
561
555
552
551
546
543
543
542
535
534
531
528
526
521
520
520
518
518
515
512
509
509
508
500
50
869
708
112
614
145
43
47
181
181
181
178
178
177
176
176
126
176
176
175
175
175
175
174
174
173
15
172
171
171
171
171
171
170
170
170
78
170
169
168
168
166
166
166
166
165
165
1791
164
164
164
163
163
162
162
161
161
160
45
1315
159
159
158
158
158
157
157
156
156
156
1114
156
156
156
153
153
152
152
152
152
151
1098
151
150
150
149
149
148
148
147
146
146
1057
145
145
145
144
144
144
144
144
143
143
1031
143
143
142
142
142
142
141
141
141
141
1031
140
139
139
139
138
138
138
137
137
137
1217
137
137
136
136
136
136
136
135
1042
135
134
134
134
134
134
133
133
133
133
133
1220
133
132
132
132
132
132
131
131
947
131
131
131
130
130
129
129
129
129
129
6
1479
128
128
128
128
1163
127
127
127
127
127
1127
126
126
126
125
125
125
125
125
125
900
124
124
124
124
124
123
123
122
122
122
3336
121
121
121
121
121
121
121
120
119
119
832
119
119
119
119
119
119
119
119
119
119
118
118
118
118
118
118
118
118
117
117
117
117
116
116
116
116
116
116
786
115
115
115
115
115
115
115
115
115
115
760
115
114
114
113
113
113
113
113
113
113
741
113
113
113
112
112
112
112
112
111
111
34
111
111
111
111
111
111
111
111
110
110
730
110
110
110
109
109
109
108
108
108
108
107
107
107
107
107
107
106
106
106
106
1068
106
106
106
106
106
106
105
105
105
105
654
105
105
105
105
104
104
104
104
104
103
103
103
103
103
103
102
102
102
102
102
102
102
102
101
101
101
101
101
100
591
100
100
100
100
100
100
100
100
100
100
589
100
100
99
99
99
99
99
99
99
98
98
98
98
98
98
98
97
97
97
97
570
96
96
96
96
96
96
96
96
96
95
95
95
1315
95
95
95
94
94
94
94
490
94
94
94
94
94
94
94
93
93
93
480
93
93
93
93
93
93
92
92
92
92
461
92
92
92
92
92
91
91
91
91
91
1176
91
91
91
91
91
91
91
91
91
91
446
91
91
91
91
91
91
90
90
90
90
90
90
90
90
89
89
89
89
415
89
89
89
89
89
89
89
88
88
88
414
88
88
88
88
88
88
88
87
87
87
8
373
87
87
87
87
87
87
87
87
87
87
363
86
86
86
86
86
86
86
86
86
86
359
86
86
85
85
85
85
85
85
85
84
348
84
84
84
84
84
84
84
84
84
83
347
83
83
83
83
83
83
83
83
82
82
341
82
82
82
82
81
81
81
81
81
81
332
81
81
81
81
81
81
81
81
81
81
1239
81
81
81
80
80
80
80
80
80
80
326
79
79
79
79
79
79
79
79
79
79
324
79
78
78
78
78
78
78
78
78
167
320
78
78
78
78
78
78
78
77
77
77
316
77
77
77
77
77
77
77
77
77
76
316
76
76
76
76
76
76
76
76
75
75
308
75
75
75
75
75
75
75
74
74
74
305
74
74
74
74
74
74
74
74
73
73
301
73
73
73
73
72
72
72
72
72
300
72
72
72
72
72
72
72
72
71
71
296
71
70
70
70
70
70
101
70
70
70
291
69
69
69
69
68
68
68
68
68
68
288
68
68
68
67
67
67
67
67
67
67
89
286
67
67
66
66
66
66
66
66
66
65
286
65
65
65
65
64
64
64
64
64
64
285
63
63
63
63
62
62
62
62
62
62
61
61
61
61
61
61
61
60
60
60
281
60
60
60
60
60
59
59
59
59
279
59
58
58
58
57
57
57
57
57
57
277
57
57
56
56
56
56
56
56
55
55
273
55
55
55
55
54
54
54
53
53
53
265
53
52
52
52
52
52
52
52
52
52
264
51
51
51
50
50
50
50
50
50
60
264
50
50
16
1000
142
70
25
18
17
85
261
41
3213
18
260
41
20
147
32
2469
48
19
258
10
13
14
94
20
21
47
13
22
11
257
52
12
59
36
26
287
128
103
86
56
255
50
48
47
44
38
38
34
33
254
31
31
31
28
28
27
27
27
27
252
26
26
26
25
25
25
24
24
23
22
250
21
21
20
20
20
20
20
19
249
18
18
18
18
18
18
17
17
17
17
17
17
16
16
16
7
19
16
67
54
180
984
184